5.611204318908551425e-01,4.589948381435306479e-01
7.503759899697292068e-01,2.639853556541717494e-01
3.377354894334476665e-01,7.873620532332522570e-01
6.672626289321027526e-01,4.961389046182465012e-01
7.049540265736686795e-01,4.219532174680917791e-01
5.432309579933092269e-01,7.152528612568237465e-01
4.889158813941077431e-01,6.178192059090192867e-01
1.274174854375955679e-01,8.420111956266903563e-01
7.765018708419960669e-01,5.953191634689881662e-01
6.271382749332058415e-01,4.371083449229986595e-01
